InstanceCode,InstanceName
S02001236,Culter
S02001237,"Cults, Bieldside and Milltimber West"
S02001238,"Cults, Bieldside and Milltimber East"
S02001239,Garthdee
S02001240,"Braeside, Mannofield, Broomhill and Seafield East"
S02001241,"Braeside, Mannofield, Broomhill and Seafield South"
S02001242,"Braeside, Mannofield, Broomhill and Seafield North"
S02001243,Hazlehead
S02001244,Summerhill
S02001245,Midstocket
S02001246,Rosemount
S02001247,West End North
S02001248,West End South
S02001249,City Centre West
S02001250,City Centre East
S02001251,Ferryhill North
S02001252,Ferryhill South
S02001253,"Kincorth, Leggart and Nigg North"
S02001254,"Kincorth, Leggart and Nigg South"
S02001255,Cove South
S02001256,Cove North
S02001257,Torry West
S02001258,Torry East
S02001259,Hanover South
S02001260,Hanover North
S02001261,George Street
S02001262,Ashgrove
S02001263,"Froghall, Powis and Sunnybank"
S02001264,Seaton
S02001265,Old Aberdeen
S02001266,Tillydrone
S02001267,Woodside
S02001268,Hilton
S02001269,Stockethill
S02001270,Mastrick
S02001271,Sheddocksley
S02001272,Cummings Park
S02001273,Northfield
S02001274,Heathryfold and Middlefield
S02001275,Kingswells
S02001276,Bucksburn South
S02001277,Bucksburn North
S02001278,Dyce
S02001279,Danestone
S02001280,Oldmachar West
S02001281,Oldmachar East
S02001282,Balgownie and Donmouth West
S02001283,Balgownie and Donmouth East
S02001284,Denmore
S02001285,East Cairngorms
S02001286,Aboyne and South Deeside
S02001287,Mearns and Laurencekirk
S02001288,Mearns South and Benholm
S02001289,Mearns North and Inverbervie
S02001290,"Fetteresso, Netherley and Catter"
S02001291,Stonehaven South
S02001292,Stonehaven North
S02001293,Newtonhill
S02001294,Portlethen
S02001295,Banchory-Devenick and Findon
S02001296,"Dunecht, Durris and Drumoak"
S02001297,Banchory East
S02001298,Banchory West
S02001299,Crathes and Torphins
S02001300,Cromar and Kildrummy
S02001301,Howe of Alford
S02001302,Kemnay
S02001303,Inverurie North
S02001304,Inverurie South
S02001305,Durno-Chapel of Garioch
S02001306,Kintore
S02001307,Blackburn
S02001308,Westhill North and South
S02001309,Westhill Central
S02001310,Garlogie and Elrick
S02001311,Newmachar and Fintray
S02001312,Balmedie and Potterton
S02001313,Ellon East
S02001314,Ellon West
S02001315,Ythanside
S02001316,Ythsie
S02001317,Barrahill
S02001318,Fyvie-Rothie
S02001319,"Insch, Oyne and Ythanwells"
S02001320,Clashindarroch
S02001321,Huntly
S02001322,Auchterless and Monquhitter
S02001323,Turriff
S02001324,"Portsoy, Fordyce and Cornhill"
S02001325,Aberchirder and Whitehills
S02001326,Banff
S02001327,Macduff
S02001328,Gardenstown and King Edward
S02001329,New Pitsligo
S02001330,Deer and Mormond
S02001331,Mintlaw
S02001332,Auchnagatt
S02001333,Cruden
S02001334,Peterhead Links
S02001335,Peterhead Bay
S02001336,Peterhead Harbour
S02001337,Peterhead Ugieside
S02001338,Longside and Rattray
S02001339,Rosehearty and Strathbeg
S02001340,Fraserburgh Smiddyhill
S02001341,Fraserburgh Lochpots
S02001342,Fraserburgh Central-Academy
S02001343,Fraserburgh Harbour and Broadsea
S02001344,South Angus
S02001345,Monikie
S02001346,Monifieth West
S02001347,Monifieth East
S02001348,Carnoustie West
S02001349,Carnoustie East
S02001350,Arbroath Landward
S02001351,Arbroath Kirkton
S02001352,Arbroath Keptie
S02001353,Arbroath Harbour
S02001354,Arbroath Cliffburn
S02001355,Arbroath Warddykes
S02001356,Lunan
S02001357,Montrose South
S02001358,Montrose North
S02001359,Hillside
S02001360,Friockheim
S02001361,Brechin East
S02001362,Brechin West
S02001363,Letham and Glamis
S02001364,Forfar East
S02001365,Forfar Central
S02001366,Forfar West
S02001367,Kirriemuir Landward
S02001368,Kirriemuir
S02001369,Angus Glens
S02001370,"Mull, Iona, Coll and Tiree"
S02001371,Oban South
S02001372,Oban North
S02001373,Benderloch Trail
S02001374,Loch Awe
S02001375,Mid Argyll
S02001376,Greater Lochgilphead
S02001377,Knapdale
S02001378,Whisky Isles
S02001379,Kintyre Trail
S02001380,Campbeltown
S02001381,Bute
S02001382,Rothesay Town
S02001383,Cowal South
S02001384,Cowal North
S02001385,Hunter's Quay
S02001386,Dunoon
S02001387,Garelochhead
S02001388,Helensburgh West and Rhu
S02001389,Helensburgh North
S02001390,Helensburgh Centre
S02001391,Helensburgh East
S02001392,Lomond Shore
S02001393,Tullibody South
S02001394,Tullibody North and Glenochil
S02001395,Menstrie
S02001396,Alva
S02001397,"Fishcross, Devon Village and Coalsnaughton"
S02001398,Tillicoultry
S02001399,Dollar and Muckhart
S02001400,"Clackmannan, Kennet and Forestmill"
S02001401,Sauchie
S02001402,Alloa South and East
S02001403,Alloa North
S02001404,Alloa West
S02001405,Stranraer West
S02001406,Stranraer East
S02001407,Stranraer South
S02001408,Rhins North
S02001409,Rhins South
S02001410,Machars North
S02001411,Machars South
S02001412,Newton Stewart
S02001413,Gatehouse
S02001414,Kirkcudbright
S02001415,Castle Douglas
S02001416,Dalbeattie
S02001417,Dalbeattie Rural
S02001418,Glenkens
S02001419,Upper Nithsdale
S02001420,Thornhill
S02001421,Mid Nithsdale
S02001422,Shawhead
S02001423,Lochside and Lincluden
S02001424,Summerville
S02001425,Troqueer
S02001426,New Abbey
S02001427,Kingholm
S02001428,Calside
S02001429,Georgetown
S02001430,Dumfries Central
S02001431,Nunholm
S02001432,Locharbriggs
S02001433,Heathhall
S02001434,Collin
S02001435,Lochmaben
S02001436,Lockerbie
S02001437,Moffat
S02001438,Langholm and Eskdale
S02001439,Annandale East
S02001440,Annandale West
S02001441,Annan West
S02001442,Annan East
S02001443,Eastriggs
S02001444,Gretna
S02001445,Westend
S02001446,Perth Road
S02001447,Logie and Blackness
S02001448,City Centre
S02001449,Docks and Wellgate
S02001450,Hilltown
S02001451,The Glens
S02001452,Stobswell
S02001453,Baxter Park
S02001454,Craigie and  Craigiebank
S02001455,Douglas West
S02001456,West Ferry
S02001457,Douglas East
S02001458,Broughty Ferry West
S02001459,Broughty Ferry East
S02001460,Barnhill
S02001461,West Pitkerro
S02001462,Whitfield
S02001463,Fintry
S02001464,Linlathen and Midcraigie
S02001465,Caird Park
S02001466,Kirkton
S02001467,Downfield
S02001468,Fairmuir
S02001469,Law
S02001470,Balgay
S02001471,Menzieshill
S02001472,Charleston
S02001473,Lochee
S02001474,Ardler and St Marys
S02001475,Western Edge
S02001476,Doon Valley South
S02001477,Doon Valley North
S02001478,Mauchline Rural
S02001479,Drongan
S02001480,Mauchline
S02001481,Cumnock Rural
S02001482,New Cumnock
S02001483,Cumnock South and Craigens
S02001484,Cumnock North
S02001485,Auchinleck
S02001486,Northern and Irvine Valley Rural
S02001487,Stewarton East
S02001488,Stewarton West
S02001489,Darvel
S02001490,Newmilns
S02001491,Galston
S02001492,Earlston and Hurlford Rural
S02001493,Shortlees
S02001494,Bellfield and Kirkstyle
S02001495,Kilmarnock South Central and Caprington
S02001496,Piersland
S02001497,New Farm Loch South
S02001498,Dean and New Farm Loch North
S02001499,Southcraig and Beansburn
S02001500,Altonhill North and Onthank
S02001501,"Altonhill South, Longpark and Hillhead"
S02001502,Bonnyton and Town Centre
S02001503,"Grange, Howard and Gargieston"
S02001504,"Crosshouse, Gatehead and Kilmaurs Rural"
S02001505,Kilmaurs
S02001506,West Clober and Mains Estate
S02001507,East Clober and Mains Estate
S02001508,Barloch
S02001509,Keystone and Dougalston
S02001510,Kilmardinny East
S02001511,Kilmardinny West
S02001512,North Castlehill and Thorn
S02001513,South Castlehill and Thorn
S02001514,Westerton West
S02001515,Westerton East
S02001516,Kessington West
S02001517,Kessington East
S02001518,Torrance and Balmore
S02001519,Bishopbriggs North and Kenmure
S02001520,Bishopbriggs West and Cadder
S02001521,Auchinairn
S02001522,Woodhill East
S02001523,Woodhill West
S02001524,Lenzie North
S02001525,Lenzie South
S02001526,Kirkintilloch South
S02001527,Kirkintilloch West
S02001528,Hillhead
S02001529,Rosebank and Waterside
S02001530,Twechar and Harestanes East
S02001531,Harestanes
S02001532,Milton of Campsie
S02001533,Lennoxtown
S02001534,IZ01
S02001535,IZ02
S02001536,IZ03
S02001537,IZ04
S02001538,IZ05
S02001539,IZ06
S02001540,IZ07
S02001541,IZ08
S02001542,IZ09
S02001543,IZ10
S02001544,IZ11
S02001545,IZ12
S02001546,IZ13
S02001547,IZ14
S02001548,IZ15
S02001549,IZ16
S02001550,IZ17
S02001551,IZ18
S02001552,IZ19
S02001553,IZ20
S02001554,IZ21
S02001555,IZ22
S02001556,Neilston and Uplawmoor
S02001557,Cross Stobbs
S02001558,"Dunterlie, East Arthurlie and Dovecothall"
S02001559,Arthurlie and Gateside
S02001560,Auchenback
S02001561,Crookfur and Fruin
S02001562,"Mearns Village, Westacres and Greenfarm"
S02001563,Whitecraigs and Broom
S02001564,Mearnskirk and South Kirkhill
S02001565,Eaglesham and Waterfoot
S02001566,North Kirkhill
S02001567,Busby
S02001568,Clarkston and Sheddens
S02001569,Williamwood
S02001570,Stamperland
S02001571,Netherlee
S02001572,Merrylee and Braidbar
S02001573,Lower Whitecraigs and South Giffnock
S02001574,North Giffnock and North Thornliebank
S02001575,South Thornliebank and Woodfarm
S02001576,Balerno and Bonnington Village
S02001577,Currie West
S02001578,Currie East
S02001579,Baberton and Juniper Green
S02001580,Bonaly and The Pentlands
S02001581,Colinton and Kingsknowe
S02001582,Clovenstone and Wester Hailes
S02001583,The Calders
S02001584,Murrayburn and Wester Hailes North
S02001585,Parkhead and Sighthill
S02001586,Broomhouse and Bankhead
S02001587,Stenhouse and Saughton Mains
S02001588,Longstone and Saughton
S02001589,Slateford and Chesser
S02001590,Gorgie West
S02001591,Gorgie East
S02001592,Shandon
S02001593,Craiglockhart
S02001594,Morningside and Craighouse
S02001595,Greenbank and The Braids
S02001596,Colinton Mains and Firrhill
S02001597,Oxgangs
S02001598,Comiston and Swanston
S02001599,Fairmilehead
S02001600,Gilmerton South and the Murrays
S02001601,Mortonhall and Anwickhill
S02001602,"Gracemount, Southhouse and Burdiehouse"
S02001603,Hyvots and Gilmerton
S02001604,Fernieside and Moredun South
S02001605,Moredun and Craigour
S02001606,Liberton East
S02001607,Liberton West and Braid Hills
S02001608,The Inch
S02001609,"Blackford, West Mains and Mayfield Road"
S02001610,Prestonfield
S02001611,Newington and Dalkeith Road
S02001612,The Grange
S02001613,Marchmont East and Sciennes
S02001614,Marchmont West
S02001615,Morningside
S02001616,Merchiston and Greenhill
S02001617,Bruntsfield
S02001618,Polwarth
S02001619,Dalry and Fountainbridge
S02001620,Tollcross
S02001621,Meadows and Southside
S02001622,"Old Town, Princes Street and Leith Street"
S02001623,"Canongate, Southside and Dumbiedykes"
S02001624,Abbeyhill
S02001625,Meadowbank and Abbeyhill North
S02001626,Willowbrae and Duddingston Village
S02001627,Craigmillar
S02001628,Niddrie
S02001629,"Bingham, Magdalene and The Christians"
S02001630,"Jewel, Brunstane and Newcraighall"
S02001631,Joppa
S02001632,Portobello
S02001633,Duddingston and Portobello South
S02001634,Mountcastle
S02001635,Northfield and Piershill
S02001636,Craigentinny
S02001637,Restalrig (Loganlea) and Craigentinny West
S02001638,Restalrig and Lochend
S02001639,Leith (Hermitage and Prospect Bank)
S02001640,Western Harbour and Leith Docks
S02001641,North Leith and Newhaven
S02001642,The Shore and Constitution Street
S02001643,Great Junction Street
S02001644,South Leith
S02001645,Easter Road and Hawkhill Avenue
S02001646,Leith (Albert Street)
S02001647,Hillside and Calton Hill
S02001648,Pilrig
S02001649,Bonnington
S02001650,Trinity East and The Dudleys
S02001651,Trinity
S02001652,"Inverleith, Goldenacre and Warriston"
S02001653,Broughton North and Powderhall
S02001654,Broughton South
S02001655,New Town East and Gayfield
S02001656,New Town West
S02001657,Canonmills and New Town North
S02001658,Stockbridge
S02001659,Comely Bank
S02001660,Deans Village
S02001661,Balgreen and Roseburn
S02001662,Murrayfield and Ravelston
S02001663,"Craigleith, Orchard Brae and Crewe Toll"
S02001664,Blackhall
S02001665,Drylaw
S02001666,West Pilton
S02001667,Boswall and Pilton
S02001668,Granton South and Wardieburn
S02001669,Granton and Royston Mains
S02001670,Granton West and Salvesen
S02001671,Muirhouse
S02001672,Silverknowes and Davidson's Mains
S02001673,Cramond
S02001674,"Barnton, Cammo and Cramond South"
S02001675,Clermiston and Drumbrae
S02001676,East Craigs North
S02001677,East Craigs South
S02001678,Corstorphine North
S02001679,Corstorphine
S02001680,Carrick Knowe
S02001681,Corstorphine South
S02001682,South Gyle
S02001683,"Ratho, Ingliston and Gogar"
S02001684,"Dalmeny, Kirkliston and Newbridge"
S02001685,Queensferry East
S02001686,Queensferry West
S02001687,Barra and South Uist
S02001688,Benbecula and North Uist
S02001689,Harris
S02001690,South Lewis
S02001691,Northwest Lewis
S02001692,Broadbay
S02001693,Stornoway West
S02001694,Stornoway East
S02001695,Point
S02001696,Dunipace
S02001697,"Fankerton, Stoneywood and Denny Town"
S02001698,Denny - Nethermains
S02001699,Head of Muir and Dennyloanhead
S02001700,"Banknock, Haggs and Longcroft"
S02001701,Bonnybridge
S02001702,High Bonnybridge and Greenhill
S02001703,Larbert - North Broomage and Inches
S02001704,Larbert - South Broomage and Village
S02001705,Stenhousemuir West
S02001706,Stenhousemuir East
S02001707,Stenhousemuir - Antonshill
S02001708,Carron
S02001709,Carronshore
S02001710,Carse and Grangemouth Old Town
S02001711,Falkirk - Bainsford and Langlees
S02001712,Falkirk - Merchiston and New Carron Village
S02001713,Falkirk - Grahamston
S02001714,Falkirk - Middlefield
S02001715,Falkirk - Town Centre and Callendar Park
S02001716,Falkirk - Bantaskin
S02001717,Falkirk - Camelon East
S02001718,Falkirk - Camelon West
S02001719,Falkirk - Tamfourhill
S02001720,Falkirk - Lochgreen and Lionthorn
S02001721,Hallglen and Glen Village
S02001722,Shieldhill
S02001723,Braes Villages
S02001724,Reddingmuirhead and Overton
S02001725,Brightons and Wallacestone
S02001726,Maddiston and Rumford
S02001727,Polmont
S02001728,Redding
S02001729,Laurieston and Westquarter
S02001730,Grangemouth - Newlands
S02001731,Grangemouth - Town Centre
S02001732,Grangemouth - Kersiebank
S02001733,Grangemouth - Bowhouse
S02001734,Bo'ness - Douglas
S02001735,Bo'ness - Newtown
S02001736,Bo'ness - Kinneil
S02001737,"Blackness, Bo'ness - Carriden and Grahamsdyke"
S02001738,Kincardine
S02001739,Oakley Comrie and Blairhall
S02001740,Saline and Gowkhall
S02001741,Valleyfield Culross and Torryburn
S02001742,Cairneyhill and Crombie
S02001743,Crossford Charlestown and Limekilns
S02001744,Dunfermline Milesmark and Wellwood
S02001745,Dunfermline Baldridgeburn
S02001746,Dunfermline Headwell
S02001747,Dunfermline Central
S02001748,Dunfermline Brucefield
S02001749,Dunfermline Garvock Hill
S02001750,Dunfermline Bellyeoman and Townhill
S02001751,Dunfermline Duloch North and Lynebank
S02001752,Dunfermline Touch and Woodmill
S02001753,Dunfermline Abbeyview North
S02001754,Dunfermline Abbeyview South
S02001755,Dunfermline Duloch South
S02001756,Dunfermline Masterton
S02001757,Dunfermline Pitcorthie East
S02001758,Dunfermline Pitcorthie West
S02001759,Rosyth North
S02001760,Rosyth East
S02001761,Rosyth Central
S02001762,Rosyth South
S02001763,North Queensferry and Inverkeithing West
S02001764,Inverkeithing East
S02001765,Dalgety Bay West and Hillend
S02001766,Dalgety Bay Central
S02001767,Dalgety Bay East
S02001768,Crossgates and Halbeath
S02001769,Hill of Beath and Kingseat
S02001770,Cowdenbeath South
S02001771,Cowdenbeath North
S02001772,Kelty West
S02001773,Kelty East
S02001774,Lochore and Crosshill
S02001775,Ballingry
S02001776,Cardenden
S02001777,Lochgelly East
S02001778,Lochgelly West and Lumphinnans
S02001779,Aberdour and Auchtertool
S02001780,Burntisland West
S02001781,Burntisland East
S02001782,Kinghorn
S02001783,Kirkcaldy Linktown & Seafield
S02001784,Kirkcaldy Central
S02001785,Kirkcaldy Bennochy East
S02001786,Kirkcaldy Bennochy West
S02001787,Kirkcaldy Raith
S02001788,Kirkcaldy Newliston and Redcraigs
S02001789,Kirkcaldy Templehall West
S02001790,Kirkcaldy Templehall East
S02001791,Kirkcaldy Dunnikier
S02001792,Kirkcaldy Chapel
S02001793,Kirkcaldy Hayfield and Smeaton
S02001794,Kirkcaldy Pathhead
S02001795,Kirkcaldy Gallatown and Sinclairtown
S02001796,Dysart
S02001797,Wemyss
S02001798,Thornton and Kinglassie
S02001799,Leslie and Newcastle
S02001800,Glenrothes Macedonia and Tanshall
S02001801,Glenrothes South Parks
S02001802,Glenrothes Caskieberran and Rimbleton
S02001803,Glenrothes Auchmuty
S02001804,Glenrothes Stenton and Finglassie
S02001805,Glenrothes Pitteuchar
S02001806,Glenrothes Woodside
S02001807,Glenrothes Balgeddie and Town Park
S02001808,Glenrothes Collydean
S02001809,Glenrothes Cadham and Pitcoudie
S02001810,Glenrothes Balfarg Pitcairn and Coul
S02001811,Markinch and Star
S02001812,Windygates and Coaltown
S02001813,"Buckhaven, Denbeath and Muiredge"
S02001814,Methil Methilhill
S02001815,Methil West
S02001816,Methil East
S02001817,Leven East
S02001818,Leven West
S02001819,Leven North
S02001820,Largo
S02001821,Kennoway and Bonnybank
S02001822,Kettle and Ladybank
S02001823,Falkland and Freuchie
S02001824,Auchtermuchty and Gateside
S02001825,Newburgh
S02001826,Cupar West and Springfield
S02001827,Cupar Central
S02001828,Cupar East
S02001829,Dairsie Ceres and Dunino
S02001830,Elie Colinsburgh and Largoward
S02001831,St Monans and Pittenweem
S02001832,Anstruther
S02001833,Crail and Boarhills
S02001834,St Andrews South East
S02001835,St Andrews Central
S02001836,St Andrews South West
S02001837,St Andrews North and Strathkinness
S02001838,Leuchars and Guardbridge
S02001839,Balmullo and Gauldry
S02001840,Tayport
S02001841,Newport and Wormit
S02001842,Darnley East
S02001843,Darnley North
S02001844,Darnley West
S02001845,Nitshill
S02001846,Crookston South
S02001847,Crookston North
S02001848,Pollok South and West
S02001849,Pollok North and East
S02001850,Cardonald South and East
S02001851,Cardonald North
S02001852,Cardonald West and Central
S02001853,Penilee
S02001854,Hillington
S02001855,Drumoyne and Shieldhall
S02001856,Govan and Linthouse
S02001857,Craigton
S02001858,Mosspark
S02001859,Ibrox
S02001860,Ibrox East and Cessnock
S02001861,Kinning Park and Festival Park
S02001862,Kingston West and Dumbreck
S02001863,Pollokshields West
S02001864,Pollokshields East
S02001865,Govanhill West
S02001866,Govanhill East and Aikenhead
S02001867,Battlefield
S02001868,Strathbungo
S02001869,Maxwell Park
S02001870,Shawlands West
S02001871,Shawlands East
S02001872,Langside
S02001873,Pollokshaws
S02001874,Carnwadric West
S02001875,Carnwadric East
S02001876,Newlands
S02001877,Merrylee and Millbrae
S02001878,Muirend and Old Cathcart
S02001879,Carmunnock North
S02001880,Carmunnock South
S02001881,Glenwood South
S02001882,Glenwood North
S02001883,Castlemilk
S02001884,Kingspark South
S02001885,Kingspark North
S02001886,Cathcart
S02001887,Mount Florida
S02001888,Toryglen and Oatlands
S02001889,Gorbals and Hutchesontown
S02001890,Laurieston and Tradeston
S02001891,Calton and Gallowgate
S02001892,Bridgeton
S02001893,Dalmarnock
S02001894,Parkhead West and Barrowfield
S02001895,Parkhead East and Braidfauld North
S02001896,Braidfauld
S02001897,Shettleston South
S02001898,Carmyle and Mount Vernon South
S02001899,Mount Vernon North and Sandyhills
S02001900,Baillieston West
S02001901,Baillieston East
S02001902,Garrowhill West
S02001903,Garrowhill East and Swinton
S02001904,Easterhouse East
S02001905,Central Easterhouse
S02001906,"Garthamlock, Auchinlea and Gartloch"
S02001907,North Barlanark and Easterhouse South
S02001908,Barlanark
S02001909,Greenfield
S02001910,Shettleston North
S02001911,Tollcross
S02001912,Old Shettleston and Parkhead North
S02001913,Carntyne
S02001914,"Cranhill, Lightburn and Queenslie South"
S02001915,Craigend and Ruchazie
S02001916,Riddrie and Hogganfield
S02001917,Blackhill and Barmulloch East
S02001918,Robroyston and Millerston
S02001919,Balornock
S02001920,Barmulloch
S02001921,Petershill
S02001922,Springburn
S02001923,Springburn East and Cowlairs
S02001924,Cowlairs and Port Dundas
S02001925,Sighthill
S02001926,"Roystonhill, Blochairn, and Provanmill"
S02001927,Dennistoun North
S02001928,Alexandra Parade
S02001929,Carntyne West and Haghill
S02001930,Dennistoun
S02001931,Gallowgate North and Bellgrove
S02001932,City Centre East
S02001933,City Centre West
S02001934,City Centre South
S02001935,Anderston
S02001936,Finnieston and Kelvinhaugh
S02001937,Woodlands
S02001938,Woodside
S02001939,Firhill
S02001940,Keppochhill
S02001941,Ruchill
S02001942,Possil Park
S02001943,Milton West
S02001944,Milton East
S02001945,Summerston Central and West
S02001946,Summerston North
S02001947,Maryhill East
S02001948,Maryhill West
S02001949,Wyndford
S02001950,Kelvindale
S02001951,North Kelvin
S02001952,Kelvingrove and University
S02001953,Hillhead
S02001954,Glasgow Harbour and Partick South
S02001955,Partick
S02001956,Partickhill and Hyndland
S02001957,Dowanhill
S02001958,Kelvinside and Jordanhill
S02001959,Broomhill
S02001960,Victoria Park
S02001961,Whiteinch
S02001962,Scotstoun North and East
S02001963,Scotstoun South and West
S02001964,Yoker South
S02001965,Yoker North
S02001966,Knightswood West
S02001967,Knightswood East
S02001968,Knightswood Park West
S02001969,Knightswood Park East
S02001970,Anniesland East
S02001971,Anniesland West
S02001972,Blairdardie East
S02001973,Blairdardie West
S02001974,Drumchapel South
S02001975,Drumchapel North
S02001976,Drumry East
S02001977,Drumry West
S02001978,Lochaber West
S02001979,Fort William North
S02001980,Fort William South
S02001981,Lochaber East and North
S02001982,Badenoch and Strathspey South
S02001983,Badenoch and Strathspey Central
S02001984,Badenoch and Strathspey North
S02001985,Nairn Rural
S02001986,Nairn East
S02001987,Nairn West
S02001988,Inverness East Rural
S02001989,Inverness Culloden and Balloch
S02001990,Inverness Smithton
S02001991,Inverness Westhill
S02001992,Inverness Inshes
S02001993,Inverness Slackbuie
S02001994,Inverness Lochardil and Holm Mains
S02001995,Inverness Drummond
S02001996,Inverness Hilton
S02001997,Inverness Drakies
S02001998,"Inverness Central, Raigmore and Longman"
S02001999,Inverness Crown and Haugh
S02002000,Inverness Ballifeary and Dalneigh
S02002001,Inverness Muirtown
S02002002,Inverness Merkinch
S02002003,Inverness Scorguie
S02002004,Inverness Kinmylies and South West
S02002005,Inverness West Rural
S02002006,Loch Ness
S02002007,Lochalsh
S02002008,Skye South
S02002009,Skye North East
S02002010,Skye North West
S02002011,Ross and Cromarty South West
S02002012,Ross and Cromarty North West
S02002013,Ross and Cromarty Central
S02002014,Ross and Cromarty East
S02002015,Muir of Ord
S02002016,Conon
S02002017,Dingwall
S02002018,Black Isle South
S02002019,Black Isle North
S02002020,Alness
S02002021,Invergordon
S02002022,Seaboard
S02002023,Tain
S02002024,Sutherland South
S02002025,Sutherland East
S02002026,Caithness South
S02002027,Wick South
S02002028,Wick North
S02002029,Caithness North East
S02002030,Caithness North West
S02002031,Thurso East
S02002032,Thurso West
S02002033,Sutherland North and West
S02002034,Kilmacolm Central
S02002035,"Kilmacolm, Quarriers, Greenock Upper East/Central"
S02002036,Inverkip and Wemyss Bay
S02002037,"West Braeside, East Inverkip and West Gourock"
S02002038,Gourock Upper and West Central and Upper Larkfield
S02002039,"Gourock Central, Upper East and IRH"
S02002040,"Braeside, Branchton, Lower Larkfield and Ravenscraig"
S02002041,"Lower Bow and Larkfield, Fancy Farm, Mallard Bowl"
S02002042,"Gourock East, Greenock West and Lyle Road"
S02002043,Greenock West and Central
S02002044,"Bow Farm, Barrs Cottage, Cowdenknowes and Overton"
S02002045,Greenock Upper Central
S02002046,Greenock Town Centre and East Central
S02002047,Greenock East
S02002048,"Port Glasgow Upper, West and Central"
S02002049,"Port Glasgow Mid, East and Central"
S02002050,Port Glasgow Upper East
S02002051,Rural South Midlothian
S02002052,Penicuik Southeast
S02002053,Penicuik Southwest
S02002054,Penicuik East
S02002055,Penicuik North
S02002056,Pentland
S02002057,Roslin and Bilston
S02002058,Straiton
S02002059,Loanhead
S02002060,Bonnyrigg South
S02002061,Bonnyrigg North
S02002062,Newbattle and Dalhousie
S02002063,Eskbank
S02002064,Shawfair
S02002065,Thornybank
S02002066,Dalkeith
S02002067,Pathhead and Rural East Midlothian
S02002068,Easthouses
S02002069,Mayfield
S02002070,Newtongrange
S02002071,North Gorebridge
S02002072,Gorebridge and Middleton
S02002073,South Speyside and the Cabrach
S02002074,North Speyside
S02002075,Rural Keith and Strathisla
S02002076,Keith and Fife Keith
S02002077,"Cullen, Portknockie, Findochty, Drybridge and Berryhillock"
S02002078,Buckie Central East
S02002079,Buckie West and Mains of Buckie
S02002080,"Mosstodloch, Portgordon and seaward"
S02002081,"Fochabers, Aultmore, Clochan and Ordiquish"
S02002082,"Heldon West, Fogwatt to Inchberry"
S02002083,"Lhanbryde, Urquhart, Pitgavney and seaward"
S02002084,Elgin Cathedral to Ashgrove and Pinefield
S02002085,New Elgin East
S02002086,New Elgin West
S02002087,Elgin Central West
S02002088,Elgin Bishopmill East and Ladyhill
S02002089,Elgin Bishopmill West and Newfield
S02002090,Lossiemouth East and Seatown
S02002091,Lossiemouth West
S02002092,"Burghead, Roseisle and Laich"
S02002093,"Findhorn, Kinloss and Pluscarden Valley"
S02002094,Forres Central East and seaward
S02002095,Forres South West and Mannachie
S02002096,"Rafford, Dallas, Dyke to Dava"
S02002097,Arran
S02002098,Springside and Rural
S02002099,Irvine Tarryholme
S02002100,Dreghorn
S02002101,Irvine Broomlands
S02002102,Irvine Bourtreehill
S02002103,Irvine Girdle Toll and Staneca
S02002104,Irvine Perceton and Lawthorn
S02002105,Irvine Castlepark North
S02002106,Irvine Castlepark South
S02002107,Irvine East
S02002108,Irvine Central
S02002109,Irvine Fullarton
S02002110,Stevenston Ardeer
S02002111,Saltcoats Central
S02002112,Ardrossan Central
S02002113,Ardrossan North West
S02002114,Ardrossan North East
S02002115,Saltcoats North West
S02002116,Saltcoats North East
S02002117,Stevenston North West
S02002118,Stevenston Hayocks
S02002119,Kilwinning Whitehirst Park and Woodside
S02002120,Kilwinning Pennyburn
S02002121,Kilwinning West and Blacklands
S02002122,Kilwinning Central and North
S02002123,Dalry East and Rural
S02002124,Dalry West
S02002125,Fairlie and Rural
S02002126,West Kilbride and Seamill
S02002127,Largs South
S02002128,Largs Central and Cumbrae
S02002129,Largs North
S02002130,Skelmorlie and Rural
S02002131,Kilbirnie North
S02002132,Kilbirnie South and Longbar
S02002133,Beith West
S02002134,Beith East and Rural
S02002135,Overtown
S02002136,Netherton and Kirkhill
S02002137,Muirhouse
S02002138,Muirhouse and Knowetop
S02002139,Craigneuk Wishaw
S02002140,Pather
S02002141,Wishaw South
S02002142,Wishaw North
S02002143,Coltness
S02002144,Wishaw East
S02002145,Newmains
S02002146,Allanton - Newmains Rural
S02002147,Shotts
S02002148,Stane
S02002149,Harthill and Salsburgh
S02002150,Cleland
S02002151,Newarthill
S02002152,Carfin North
S02002153,Clydesdale and New Stevenston
S02002154,Carfin and Cleekhimin
S02002155,Motherwell South
S02002156,Ladywell
S02002157,Motherwell West
S02002158,Motherwell North
S02002159,Forgewood
S02002160,Holytown
S02002161,Milnwood
S02002162,Orbiston
S02002163,Bellshill South
S02002164,Hattonrigg
S02002165,Bellshill Central
S02002166,Fallside
S02002167,Viewpark
S02002168,Birkenshaw
S02002169,Kirkwood and Bargeddie
S02002170,Kirkshaws
S02002171,Dundyvan
S02002172,Drumpellier and Langloan
S02002173,Coatbridge West
S02002174,Townhead
S02002175,Sunnyside and Cliftonville
S02002176,Cliftonville
S02002177,Shawhead and Whifflet
S02002178,Greenend and Carnbroe
S02002179,Calderbank and Brownsburn
S02002180,Chapelhall West
S02002181,Chapelhall East
S02002182,Craigneuk Airdrie
S02002183,Petersburn
S02002184,Gartlea
S02002185,Cairnhill
S02002186,Coatdyke and Whinhall
S02002187,Thrashbush
S02002188,Airdrie North
S02002189,Drumgelloch
S02002190,Caldercruix and Plains
S02002191,Glenmavis and Greengairs
S02002192,Gartcosh and Marnock
S02002193,Cardowan and Millerston
S02002194,Stepps
S02002195,Chryston and Muirhead
S02002196,Moodiesburn West
S02002197,Moodiesburn East
S02002198,Westfield
S02002199,Condorrat
S02002200,Greenfaulds
S02002201,Seafar
S02002202,Cumbernauld Central
S02002203,Kildrum
S02002204,Abronhill South
S02002205,Abronhill North
S02002206,Village and Castlecary
S02002207,Carrickstone
S02002208,Balloch West
S02002209,Balloch East
S02002210,Kilsyth East and Croy
S02002211,Kilsyth Bogside
S02002212,Balmalloch
S02002213,"Stromness, Sandwick and Stenness"
S02002214,West Mainland
S02002215,East Mainland
S02002216,West Kirkwall
S02002217,East Kirkwall
S02002218,Isles
S02002219,"Powmill, Cleish and Scotlandwell"
S02002220,Kinross
S02002221,Milnathort and Crook of Devon
S02002222,"Muthill, Greenloaning and Gleneagles"
S02002223,Auchterarder
S02002224,"Comrie, Gilmerton and St Fillans"
S02002225,Crieff North
S02002226,Crieff South
S02002227,Aberuthven and Almondbank
S02002228,"Glenfarg, Dunning and Rhynd"
S02002229,Bridge of Earn and Abernethy
S02002230,Moncrieffe and Friarton
S02002231,"Viewlands, Craigie and Wellshill"
S02002232,Burghmuir and Oakbank
S02002233,Western Edge
S02002234,Letham
S02002235,"Hillyland, Tulloch and Inveralmond"
S02002236,North Muirton and Old Scone
S02002237,Muirton
S02002238,North Inch
S02002239,Central and South Inch
S02002240,Gannochy and Walnut Grove
S02002241,Scone
S02002242,"Guildtown, Balbeggie and St Madoes"
S02002243,Errol and Inchture
S02002244,"Invergowrie, Longforgan and Abernyte"
S02002245,Coupar Angus and Meigle
S02002246,Alyth
S02002247,"Blair Atholl, Strathardle and Glenshee"
S02002248,Blairgowrie East (Rattray)
S02002249,Blairgowrie West
S02002250,Stanley and Murthly
S02002251,Luncarty and Dunkeld
S02002252,Pitlochry
S02002253,Rannoch and Aberfeldy
S02002254,Lochwinnoch
S02002255,Renfrewshire Rural South and Howwood
S02002256,Renfrewshire Rural North and Langbank
S02002257,Kilbarchan
S02002258,Johnstone South West
S02002259,Johnstone North West
S02002260,Johnstone North East
S02002261,Johnstone South East
S02002262,Elderslie and Phoenix
S02002263,Paisley Ferguslie
S02002264,Paisley North West
S02002265,Paisley West
S02002266,Paisley Foxbar
S02002267,Paisley South West
S02002268,Paisley Glenburn West
S02002269,Paisley Glenburn East
S02002270,Paisley South
S02002271,Paisley South East
S02002272,Paisley Dykebar
S02002273,Paisley East
S02002274,Paisley Central
S02002275,Paisley North East
S02002276,Paisley Ralston
S02002277,Paisley Gallowhill and Hillington
S02002278,Paisley North
S02002279,Renfrew West
S02002280,Renfrew South
S02002281,Renfrew East
S02002282,Renfrew North
S02002283,Erskine East and Inchinnan
S02002284,Erskine Central
S02002285,Erskine West
S02002286,Bishopton
S02002287,Linwood South
S02002288,Linwood North
S02002289,Houston South
S02002290,Houston North
S02002291,Bridge of Weir
S02002292,Tweeddale West Area
S02002293,Peebles North
S02002294,Peebles South
S02002295,Tweeddale East Area
S02002296,Earlston Stow and Clovernfords Area
S02002297,Galashiels North
S02002298,Galashiels West
S02002299,Galashiels South
S02002300,Langlee
S02002301,Melrose and Tweedbank Area
S02002302,Lauder and Area
S02002303,Berwickshire Central
S02002304,Duns
S02002305,Berwickshire East
S02002306,Eyemouth
S02002307,Chirnside and Area
S02002308,Coldstream and Area
S02002309,Cheviot East
S02002310,Kelso North
S02002311,Kelso South
S02002312,Cheviot West
S02002313,St Boswells and Newtown Area
S02002314,Jedburgh
S02002315,Denholm and Hermitage
S02002316,Burnfoot
S02002317,Hawick Central
S02002318,Hawick West End
S02002319,Hawick North
S02002320,Ettrick Yarrow and Liliesleaf Area
S02002321,Selkirk
S02002322,Shetland South
S02002323,Lerwick South
S02002324,Lerwick North
S02002325,Central Shetland
S02002326,East and West Mainland
S02002327,North Mainland
S02002328,North and East Isles
S02002329,Carrick South
S02002330,Girvan Glendoune
S02002331,Girvan Ailsa
S02002332,Maybole
S02002333,Carrick North
S02002334,Coylton
S02002335,Alloway and Doonfoot
S02002336,Castlehill and Kincaidston
S02002337,Belmont
S02002338,Holmston and Forehill
S02002339,Ayr South Harbour and Town Centre
S02002340,"Ayr North Harbour, Wallacetown and Newton South"
S02002341,Craigie
S02002342,Dalmilling
S02002343,"Lochside, Braehead and Whitletts"
S02002344,Newton North
S02002345,Heathfield
S02002346,Prestwick West
S02002347,Prestwick East
S02002348,Prestwick Airport and Monkton
S02002349,"Annbank, Mossblown and Tarbolton - the Coalfields"
S02002350,"Dundonald, Loans and Symington"
S02002351,Muirhead
S02002352,Barassie
S02002353,Troon
S02002354,Clydesdale South
S02002355,"Biggar, Symington, Thankerton and Dolphinton"
S02002356,"Carstairs, Carstairs Junction and Carnwath"
S02002357,"Forth, Braehead and Auchengray"
S02002358,Law
S02002359,Carluke West
S02002360,Carluke North
S02002361,Carluke East
S02002362,Carluke South
S02002363,"Crossford, Braidwood and Yieldshields"
S02002364,Lanark North West
S02002365,Lanark North East
S02002366,Lanark South
S02002367,Hazelbank and Kirkfieldbank
S02002368,"Douglas, Coalburn and Rigside"
S02002369,Lesmahagow
S02002370,Kirkmuirhill and Blackwood
S02002371,Ashgill and Netherburn
S02002372,Merryton and Meadowhill
S02002373,"Larkhall Central, Raploch, Millheugh and Burnhead"
S02002374,Hareleeshill
S02002375,Strutherhill
S02002376,Stonehouse
S02002377,Strathaven South
S02002378,Strathaven North
S02002379,"Chapelton, Glengavel and Sandford"
S02002380,"Glassford, Quarter and Allanton"
S02002381,Eddlewood
S02002382,Low Waters
S02002383,Silvertonhill
S02002384,Hamilton Centre and Low Parks
S02002385,Laighstonehall
S02002386,Fairhill
S02002387,Woodhead and Meikle Earnock
S02002388,Little Earnock
S02002389,Earnock
S02002390,Hillhouse
S02002391,High Blantyre
S02002392,Blantyre South and Wheatlands
S02002393,Low Blantyre and Bardykes
S02002394,Blantytre North and Coatshill
S02002395,Burnbank North
S02002396,Burnbank Central and Udston
S02002397,Burnbank South and Chantinghall
S02002398,Whitehill
S02002399,Bothwell South
S02002400,Bothwell North
S02002401,Uddingston and Gardenside
S02002402,"Halfway, Hallside and Drumsagard"
S02002403,Westburn and Newton
S02002404,Vicarland and Cairns
S02002405,Whitlawburn and Greenlees
S02002406,Cambuslang Central
S02002407,"Burgh, Eastfield and Silverbank"
S02002408,Farme Cross and Gallowflat North
S02002409,Shawfield and Clincarthill
S02002410,Burnhill and Bankhead North
S02002411,Bankhead South
S02002412,Spittal
S02002413,High Crosshill
S02002414,Burnside and Springhall
S02002415,Fernhill and Cathkin
S02002416,Nerston and EK Landward Area
S02002417,Calderwood East
S02002418,Calderwood Central
S02002419,Calderwood West and Nerston
S02002420,St Leonards North
S02002421,St Leonards South
S02002422,East Mains
S02002423,West Mains
S02002424,Stewartfield East
S02002425,Stewartfield West
S02002426,"Thorntonhall, Jackton and Gardenhall"
S02002427,Hairmyres and Westwood West
S02002428,Mossneuk and Newlandsmuir
S02002429,Crosshouse and Lindsayfield
S02002430,Whitehills West
S02002431,Greenhills
S02002432,Westwood South
S02002433,Westwood East
S02002434,The Murray
S02002435,"Birniehill, Kelvin and Whitehills East"
S02002436,Blane Valley
S02002437,Balfron and Drymen
S02002438,Kippen and Fintry
S02002439,Cambusbarron
S02002440,Plean and Rural SE
S02002441,Cowie
S02002442,Fallin
S02002443,Bannockburn
S02002444,Hillpark
S02002445,Broomridge
S02002446,Borestone
S02002447,King's Park and Torbrex
S02002448,Braehead
S02002449,City Centre
S02002450,Raploch
S02002451,Cornton
S02002452,Causewayhead
S02002453,Bridge of Allan and University
S02002454,Forth
S02002455,Dunblane East
S02002456,Dunblane West
S02002457,Carse of Stirling
S02002458,Callander and Trossachs
S02002459,Highland
S02002460,IZ01
S02002461,IZ02
S02002462,IZ03
S02002463,IZ04
S02002464,IZ05
S02002465,IZ06
S02002466,IZ07
S02002467,IZ08
S02002468,IZ09
S02002469,IZ10
S02002470,IZ11
S02002471,IZ12
S02002472,IZ13
S02002473,IZ14
S02002474,IZ15
S02002475,IZ16
S02002476,IZ17
S02002477,IZ18
S02002478,Fauldhouse
S02002479,Breich Valley
S02002480,West Calder and Polbeth
S02002481,"Bellsquarry, Adambrae and Kirkton"
S02002482,Bankton and Murieston
S02002483,Dedridge East
S02002484,Mid Calder and Kirknewton
S02002485,East Calder
S02002486,Pumpherston and Uphall Station
S02002487,Craigshill
S02002488,Howden
S02002489,Livingston Village and Eliburn South
S02002490,Ladywell
S02002491,Knightsridge
S02002492,Knightsridge and Deans North
S02002493,Deans
S02002494,Carmondean and Eliburn North
S02002495,Seafield
S02002496,Blackburn
S02002497,Blaeberry Hill and East Whitburn
S02002498,Whitburn Central
S02002499,"Whitburn, Croftmalloch and Greenrigg"
S02002500,Armadale
S02002501,Armadale South
S02002502,"Bathgate, Wester Inch and Inchcross"
S02002503,Bathgate and Boghall
S02002504,Bathgate East
S02002505,Bathgate West
S02002506,"Blackridge, Westfield and Torphichen"
S02002507,Linlithgow South
S02002508,Linlithgow Bridge
S02002509,Linlithgow North
S02002510,"Winchburgh, Bridgend and Philpstoun"
S02002511,Broxburn Kirkhill
S02002512,"Uphall, Dechmont and Ecclesmachan"
S02002513,Broxburn South
S02002514,Broxburn East